id  radius  depth  num_of_branch_points  distance_to_end_point
1    55.8249    0    0    6
2    47.3249    1    0    5
3    7.51463    2    1    4
4    2.36837    3    1    3
5    3.24653    4    1    2
6    1.74658    5    1    1
7    1.99132    6    1    0
8    14.1896    2    1    16
9    8.62195    3    1    15
10    11.0543    4    1    14
11    16.419    5    1    13
12    19.1014    6    1    12
13    3.87078    7    2    13
14    3.64019    8    2    12
15    3.64019    9    2    11
16    3.64019    10    2    10
17    3.64019    11    2    9
18    3.64019    12    2    8
19    4.24264    13    2    7
20    4.24264    14    2    6
21    5.60686    15    2    5
22    4.37032    16    2    4
23    3.79285    17    2    3
24    5.21954    18    2    2
25    3.16228    19    2    1
26    3.16228    20    2    0
27    18.7837    7    2    11
28    4.06876    8    3    10
29    2.88562    9    3    9
30    2.88562    10    3    8
31    2.82843    11    3    7
32    2.82843    12    3    6
33    3.91421    13    4    5
34    4.8848    14    5    4
35    8.30993    15    6    3
36    1.92741    16    6    2
37    2.08174    17    6    1
38    3.10274    18    6    0
39    4.37084    15    6    9
40    3.37084    16    6    8
41    3.24697    17    6    7
42    3.0377    18    6    6
43    3.0377    19    6    5
44    9.31943    20    6    4
45    4.41042    21    6    3
46    2.47594    22    6    2
47    2.47594    23    6    1
48    7.08734    24    6    0
49    4.82843    15    6    9
50    2.49071    16    6    8
51    2.49071    17    6    7
52    2.23607    18    6    6
53    4.93865    19    6    5
54    4.64596    20    6    4
55    6.70176    21    6    3
56    18.3858    22    6    2
57    3.68457    23    7    13
58    3.4037    24    7    12
59    2.94721    25    7    11
60    2.49071    26    7    10
61    2.23607    27    7    9
62    2.23607    28    7    8
63    2.23607    29    7    7
64    3.60555    30    7    6
65    3.60555    31    7    5
66    3.60555    32    7    4
67    5.27246    33    7    3
68    5.25637    34    7    2
69    4.14574    35    7    1
70    4.07287    36    8    11
71    3.27188    37    8    10
72    3    38    8    9
73    3    39    8    8
74    1.99071    40    8    7
75    2.33262    41    8    6
76    1.66667    42    8    5
77    1.9714    43    8    4
78    2.73143    44    8    3
79    2.99535    45    8    2
80    2.25235    46    8    1
81    2.13707    47    8    0
82    2.62311    36    8    0
83    9.49822    23    7    13
84    4.367    24    7    12
85    3.80283    25    7    11
86    4.12311    26    7    10
87    4.12311    27    7    9
88    3.18287    28    7    8
89    2.24264    29    7    7
90    3.74264    30    7    6
91    3.62521    31    7    5
92    2.0626    32    7    4
93    2.5    33    7    3
94    5    34    7    2
95    4    35    7    1
96    4.23462    36    8    12
97    3.06466    37    8    11
98    3.02529    38    8    10
99    2.94654    39    8    9
100    5.14075    40    8    8
101    4.12311    41    8    7
102    4.12311    42    8    6
103    9.97421    43    8    5
104    6.76015    44    8    4
105    8.30451    45    8    3
106    5.40144    46    8    2
107    5.3887    47    9    1
108    4.02405    48    10    1
109    3.8148    49    10    0
110    2.24    48    10    5
111    2    49    10    4
112    2    50    10    3
113    5.60977    51    10    2
114    6.28081    52    10    1
115    3.11947    53    10    0
116    4.45774    48    10    0
117    5.20072    47    9    1
118    5.42879    48    9    0
119    3.5    36    8    0
120    10.9773    23    7    1
121    4.74578    24    8    0
122    5.82705    24    8    18
123    5.41353    25    8    17
124    2.75918    26    8    16
125    3    27    8    15
126    3    28    8    14
127    2.60555    29    8    13
128    2.60555    30    8    12
129    5.38516    31    8    11
130    4.38516    32    8    10
131    2.99779    33    8    9
132    2.10555    34    8    8
133    2.10555    35    8    7
134    3.10555    36    8    6
135    2.60555    37    8    5
136    2.24283    38    8    4
137    3.60555    39    8    3
138    4.30278    40    8    2
139    4.65139    41    8    1
140    5.12921    42    9    2
141    4.08842    43    9    1
142    1.58842    44    10    0
143    5.74295    44    10    0
144    4.52392    42    9    0
145    7.31131    24    8    14
146    4    25    8    13
147    4    26    8    12
148    4.66593    27    8    11
149    2.47535    28    8    10
150    2.16076    29    8    9
151    3.56155    30    8    8
152    4.24264    31    8    7
153    4.24264    32    8    6
154    3.82075    33    8    5
155    3.60555    34    8    4
156    5.09203    35    8    3
157    7.20905    36    8    2
158    4.57914    37    9    6
159    2.95171    38    9    5
160    4.79013    39    9    4
161    4.27778    40    9    3
162    4.27778    41    9    2
163    5.38516    42    9    1
164    6.04668    43    9    0
165    5.39372    37    9    1
166    3.96449    38    9    0
167    6.08147    14    5    15
168    6.01819    15    5    14
169    3.82301    16    5    13
170    2.74042    17    5    12
171    2.70449    18    5    11
172    3.35225    19    5    10
173    3.67612    20    5    9
174    5.28846    21    5    8
175    4.34351    22    5    7
176    2.84703    23    5    6
177    3.32183    24    5    5
178    3.07513    25    5    4
179    2.32151    26    5    3
180    3.40435    27    5    2
181    4.45843    28    5    1
182    3.09436    29    5    0
183    4    13    4    8
184    2.23607    14    4    7
185    2.23607    15    4    6
186    2.15738    16    4    5
187    2    17    4    4
188    3    18    4    3
189    3    19    4    2
190    3    20    4    1
191    9.13126    21    4    0
192    5.72568    8    3    18
193    4.07037    9    3    17
194    4.53518    10    3    16
195    5.87192    11    3    15
196    7.61577    12    3    14
197    7.61577    13    3    13
198    7.61577    14    3    12
199    6.40312    15    3    11
200    6.40312    16    3    10
201    6.36384    17    3    9
202    6.01035    18    3    8
203    5.77469    19    3    7
204    5.77469    20    3    6
205    5.65685    21    3    5
206    5.86981    22    3    4
207    6.08276    23    3    3
208    8.83276    24    3    2
209    11.5828    25    3    1
210    4.71075    26    4    9
211    3.16228    27    4    8
212    3.16228    28    4    7
213    6.7344    29    4    6
214    3.63679    30    4    5
215    2.47044    31    4    4
216    2.82843    32    4    3
217    2.82843    33    4    2
218    4.07425    34    4    1
219    4.53713    35    4    0
220    2.97167    26    4    6
221    4.63337    27    4    5
222    3.95471    28    4    4
223    3.64721    29    4    3
224    12.6123    30    4    2
225    7.66173    31    4    1
226    8.07351    32    5    0
227    5.89051    32    5    2
228    3.46063    33    5    1
229    2.4995    34    5    0
230    5.17531    26    4    0
231    9.56632    26    4    1
232    3.4352    27    5    9
233    4.73161    28    5    8
234    7.3658    29    5    7
235    2.6829    30    5    6
236    4    31    5    5
237    2.09713    32    5    4
238    2.09713    33    5    3
239    3.31395    34    5    2
240    5.65577    35    5    1
241    3.53683    36    6    1
242    3.18263    37    6    0
243    7.11848    36    6    0
244    7.13979    27    5    0
245    6.73976    27    5    12
246    6.5053    28    5    11
247    3.34942    29    5    10
248    2.32843    30    5    9
249    3.37729    31    5    8
250    3.48937    32    5    7
251    2.96274    33    5    6
252    2.13807    34    5    5
253    2    35    5    4
254    3.93149    36    5    3
255    6.94716    37    5    2
256    2.51471    38    6    1
257    3.31621    39    6    0
258    8.6931    38    6    3
259    1.88518    39    6    2
260    2.64346    40    6    1
261    3.85286    41    6    0
262    5.75397    27    5    8
263    5.66127    28    5    7
264    5.66127    29    5    6
265    8.76108    30    5    5
266    10.4527    31    5    4
267    8.36276    32    5    3
268    5.99204    33    5    2
269    4.04788    34    6    2
270    4.24409    35    6    1
271    3.72465    36    6    0
272    8.5187    34    6    1
273    4.763    35    6    0
274    4.31539    34    6    1
275    2.64475    35    7    0
276    3.46855    35    7    0
277    3.59796    35    7    1
278    4    36    7    0
279    5.49602    34    6    6
280    2.82843    35    6    5
281    2.82843    36    6    4
282    2.82843    37    6    3
283    2.82843    38    6    2
284    2.82843    39    6    1
285    2.54937    40    6    0
