2 0.0 143 0 112 0.670588235294
6 0.0 224 0 31 0.909803921569
11 0.0 153 0 102 0.701960784314
13 0.0 138 0 117 0.654901960784
15 0.0 158 0 97 0.713725490196
19 0.0 164 0 91 0.733333333333
25 0.0 229 0 26 0.925490196078
30 0.0 138 0 117 0.654901960784
35 0.0 217 0 38 0.890196078431
45 0.0 223 0 32 0.905882352941
56 0.0 157 0 98 0.713725490196
60 0.0 128 0 127 0.627450980392
70 0.0 252 0 3 0.992156862745
78 0.0 172 0 83 0.756862745098
83 0.0 230 0 25 0.925490196078
92 0.0 196 0 59 0.827450980392
102 0.0 151 0 104 0.694117647059
108 0.0 128 0 127 0.627450980392
115 0.0 140 0 115 0.662745098039
121 0.0 128 0 127 0.627450980392
126 0.0 243 0 12 0.964705882353
135 0.0 236 0 19 0.945098039216
142 0.0 203 0 52 0.847058823529
145 0.0 169 0 86 0.749019607843
150 0.0 161 0 94 0.725490196078
152 0.0 211 0 44 0.870588235294
162 0.0 193 0 62 0.819607843137
166 0.0 132 0 123 0.639215686275
169 0.0 151 0 104 0.694117647059
174 0.0 191 0 64 0.811764705882
180 0.0 199 0 56 0.835294117647
185 0.0 128 0 127 0.627450980392
190 0.0 128 0 127 0.627450980392
192 0.0 252 0 3 0.992156862745
195 0.0 149 0 106 0.690196078431
203 0.0 129 0 126 0.63137254902
216 0.0 130 0 125 0.63137254902
230 0.0 133 0 122 0.643137254902
234 0.0 136 0 119 0.650980392157
250 0.0 151 0 104 0.694117647059
262 0.0 184 0 71 0.792156862745
266 0.0 128 0 127 0.627450980392
271 0.0 135 0 120 0.647058823529
275 0.0 138 0 117 0.654901960784
280 0.0 131 0 124 0.635294117647
286 0.0 158 0 97 0.713725490196
304 0.0 157 0 98 0.713725490196
310 0.0 128 0 127 0.627450980392
313 0.0 128 0 127 0.627450980392
320 0.0 180 0 75 0.780392156863
325 0.0 236 0 19 0.945098039216
329 0.0 152 0 103 0.698039215686
332 0.0 253 0 2 0.996078431373
343 0.0 233 0 22 0.937254901961
348 0.0 128 0 127 0.627450980392
352 0.0 147 0 108 0.682352941176
359 0.0 246 0 9 0.972549019608
364 0.0 230 0 25 0.925490196078
370 0.0 128 0 127 0.627450980392
376 0.0 135 0 120 0.647058823529
388 0.0 128 0 127 0.627450980392
391 0.0 128 0 127 0.627450980392
