2 1.0 66 3 157 0.897637795276
6 1.0 239 248 33 0.0
7 1.0 239 248 33 0.0
11 1.0 187 53 134 0.55905511811
12 1.0 41 5 147 0.952755905512
14 1.0 248 150 63 0.244094488189
15 1.0 252 204 37 0.102362204724
19 1.0 240 245 37 0.00787401574803
20 1.0 242 241 38 0.0157480314961
21 1.0 248 221 36 0.0629921259843
22 1.0 250 214 36 0.0787401574803
23 1.0 249 217 36 0.0708661417323
24 1.0 245 231 38 0.0393700787402
25 1.0 239 248 33 0.0
26 1.0 239 248 33 0.0
27 1.0 59 3 154 0.913385826772
33 1.0 244 234 38 0.0314960629921
34 1.0 251 211 36 0.0866141732283
35 1.0 12 7 134 1.0
36 1.0 19 6 137 0.992125984252
37 1.0 239 248 33 0.0
38 1.0 239 248 33 0.0
39 1.0 249 217 36 0.0708661417323
44 1.0 12 7 134 1.0
45 1.0 56 4 153 0.92125984252
47 1.0 239 248 33 0.0
48 1.0 239 248 33 0.0
56 1.0 19 6 137 0.992125984252
62 1.0 246 228 37 0.0472440944882
63 1.0 252 204 37 0.102362204724
66 1.0 252 201 38 0.110236220472
67 1.0 252 170 51 0.188976377953
68 1.0 253 182 45 0.157480314961
69 1.0 239 248 33 0.0
70 1.0 246 228 37 0.0472440944882
79 1.0 243 238 38 0.0236220472441
80 1.0 239 248 33 0.0
81 1.0 239 248 33 0.0
82 1.0 239 248 33 0.0
87 1.0 239 248 33 0.0
88 1.0 239 248 33 0.0
89 1.0 240 245 37 0.00787401574803
93 1.0 242 241 38 0.0157480314961
95 1.0 239 248 33 0.0
97 1.0 239 248 33 0.0
103 1.0 98 0 166 0.818897637795
104 1.0 187 53 134 0.55905511811
105 1.0 253 179 46 0.165354330709
107 1.0 239 248 33 0.0
108 1.0 239 248 33 0.0
109 1.0 239 248 33 0.0
113 1.0 251 164 54 0.204724409449
114 1.0 239 248 33 0.0
115 1.0 239 248 33 0.0
116 1.0 239 248 33 0.0
117 1.0 239 248 33 0.0
118 1.0 239 248 33 0.0
119 1.0 239 248 33 0.0
120 1.0 239 248 33 0.0
121 1.0 239 248 33 0.0
129 1.0 244 137 71 0.283464566929
130 1.0 246 145 66 0.259842519685
131 1.0 247 224 36 0.0551181102362
139 1.0 239 248 33 0.0
140 1.0 226 102 96 0.393700787402
141 1.0 239 248 33 0.0
142 1.0 239 248 33 0.0
143 1.0 239 248 33 0.0
144 1.0 239 248 33 0.0
155 1.0 246 228 37 0.0472440944882
157 1.0 209 79 113 0.472440944882
158 1.0 245 139 70 0.275590551181
161 1.0 253 188 42 0.141732283465
162 1.0 251 162 56 0.212598425197
163 1.0 239 248 33 0.0
164 1.0 239 248 33 0.0
165 1.0 239 248 33 0.0
166 1.0 239 248 33 0.0
167 1.0 137 8 165 0.716535433071
168 1.0 162 28 154 0.645669291339
169 1.0 242 241 38 0.0157480314961
173 1.0 253 195 40 0.125984251969
174 1.0 251 162 56 0.212598425197
175 1.0 253 185 43 0.149606299213
176 1.0 248 221 36 0.0629921259843
181 1.0 239 248 33 0.0
182 1.0 239 248 33 0.0
183 1.0 252 201 38 0.110236220472
184 1.0 248 150 63 0.244094488189
185 1.0 246 145 66 0.259842519685
186 1.0 250 159 58 0.220472440945
187 1.0 253 195 40 0.125984251969
190 1.0 239 248 33 0.0
191 1.0 239 248 33 0.0
196 1.0 248 221 36 0.0629921259843
197 1.0 251 208 36 0.0944881889764
198 1.0 242 241 38 0.0157480314961
200 1.0 239 248 33 0.0
201 1.0 240 245 37 0.00787401574803
203 1.0 239 248 33 0.0
204 1.0 243 238 38 0.0236220472441
207 1.0 244 234 38 0.0314960629921
208 1.0 242 241 38 0.0157480314961
209 1.0 239 248 33 0.0
212 1.0 253 179 46 0.165354330709
213 1.0 114 0 168 0.779527559055
214 1.0 176 42 143 0.59842519685
218 1.0 239 248 33 0.0
219 1.0 239 248 33 0.0
222 1.0 246 142 68 0.267716535433
224 1.0 82 1 163 0.858267716535
225 1.0 239 248 33 0.0
226 1.0 239 248 33 0.0
228 1.0 239 248 33 0.0
229 1.0 239 248 33 0.0
230 1.0 239 248 33 0.0
231 1.0 239 248 33 0.0
233 1.0 244 137 71 0.283464566929
234 1.0 143 13 163 0.700787401575
240 1.0 239 248 33 0.0
241 1.0 239 248 33 0.0
242 1.0 239 248 33 0.0
243 1.0 239 248 33 0.0
244 1.0 239 248 33 0.0
245 1.0 252 204 37 0.102362204724
251 1.0 245 231 38 0.0393700787402
255 1.0 92 0 165 0.834645669291
256 1.0 239 248 33 0.0
257 1.0 239 248 33 0.0
258 1.0 12 7 134 1.0
260 1.0 239 248 33 0.0
261 1.0 239 248 33 0.0
266 1.0 157 24 157 0.661417322835
267 1.0 253 192 41 0.133858267717
268 1.0 244 137 71 0.283464566929
270 1.0 239 248 33 0.0
271 1.0 239 248 33 0.0
272 1.0 239 248 33 0.0
273 1.0 239 248 33 0.0
274 1.0 239 248 33 0.0
275 1.0 239 248 33 0.0
276 1.0 239 248 33 0.0
277 1.0 239 248 33 0.0
278 1.0 239 248 33 0.0
284 1.0 239 248 33 0.0
285 1.0 239 248 33 0.0
