Id  Radius  #branch_points  Dist_to_root  Dist_to_leaf

Tree1
1,    55.8249,    0,    0,    118.238108045
2,    47.3249,    0,    30.7907513263,    87.4473567183
3,    7.51463,    1,    80.0153866311,    38.2227214136
4,    2.36837,    1,    93.6110836066,    24.627024438
5,    3.24653,    1,    103.566874949,    14.6712330958
6,    1.74658,    1,    110.21105541,    8.02705263468
7,    1.99132,    1,    118.238108045,    0
8,    14.1896,    1,    82.0257849,    202.056667296
9,    8.62195,    1,    109.173425117,    174.909027079
10,    11.0543,    1,    133.436684178,    150.645768018
11,    16.419,    1,    153.99106524,    130.091386956
12,    19.1014,    1,    164.267757494,    119.814694702
13,    3.87078,    2,    186.778993697,    153.001830181
14,    3.64019,    2,    200.178877205,    139.601946673
15,    3.64019,    2,    211.262114649,    128.518709229
16,    3.64019,    2,    218.923586309,    120.857237569
17,    3.64019,    2,    234.187588832,    105.593235046
18,    3.64019,    2,    242.304609529,    97.4762143492
19,    4.24264,    2,    254.408680125,    85.3721437529
20,    4.24264,    2,    258.721101835,    81.0597220435
21,    5.60686,    2,    270.471172824,    69.3096510543
22,    4.37032,    2,    282.665459806,    57.1153640723
23,    3.79285,    2,    293.04549733,    46.7353265483
24,    5.21954,    2,    303.12927347,    36.6515504078
25,    3.16228,    2,    327.481145021,    12.2996788576
26,    3.16228,    2,    339.780823878,    0
27,    18.7837,    2,    174.544454675,    109.53799752
28,    4.06876,    3,    197.140549459,    86.9419027362
29,    2.88562,    3,    210.978755898,    73.1036962975
30,    2.88562,    3,    218.258865787,    65.8235864082
31,    2.82843,    3,    226.322092499,    57.7603596968
32,    2.82843,    3,    230.707132094,    53.3753201017
33,    3.91421,    4,    238.589836087,    45.4926161082
34,    4.8848,    5,    253.026868954,    31.0555832413
35,    8.30993,    6,    261.694749953,    22.387702243
36,    1.92741,    6,    271.63497822,    12.447473976
37,    2.08174,    6,    277.356686793,    6.72576540254
38,    3.10274,    6,    284.082452196,    0
39,    4.37084,    6,    258.427797486,    99.6686283917
40,    3.37084,    6,    268.430045733,    89.6663801445
41,    3.24697,    6,    281.51406699,    76.5823588876
42,    3.0377,    6,    294.380941989,    63.7154838882
43,    3.0377,    6,    304.371374913,    53.7250509647
44,    9.31943,    6,    315.002120277,    43.0943056004
45,    4.41042,    6,    325.789743706,    32.3066821712
46,    2.47594,    6,    336.06668446,    22.0297414178
47,    2.47594,    6,    342.16601762,    15.9304082575
48,    7.08734,    6,    358.096425877,    0
49,    4.82843,    6,    263.044151919,    98.5465368472
50,    2.49071,    6,    280.315732678,    81.2749560889
51,    2.49071,    6,    288.562365661,    73.0283231057
52,    2.23607,    6,    294.552894593,    67.0377941733
53,    4.93865,    6,    306.932238922,    54.6584498449
54,    4.64596,    6,    313.097582545,    48.4931062211
55,    6.70176,    6,    319.427189188,    42.1634995785
56,    18.3858,    6,    328.83554368,    32.7551450864
57,    3.68457,    7,    350.173164711,    94.447756845
58,    3.4037,    7,    356.146151538,    88.4747700176
59,    2.94721,    7,    369.674160959,    74.9467605967
60,    2.49071,    7,    376.493767905,    68.1271536513
61,    2.23607,    7,    380.323485112,    64.2974364438
62,    2.23607,    7,    385.907734838,    58.713186718
63,    2.23607,    7,    392.192589649,    52.4283319066
64,    3.60555,    7,    397.624661077,    46.9962604785
65,    3.60555,    7,    401.45803557,    43.162885986
66,    3.60555,    7,    411.147969987,    33.4729515693
67,    5.27246,    7,    420.119933261,    24.5009882947
68,    5.25637,    7,    428.726741976,    15.8941795801
69,    4.14574,    7,    436.815875752,    7.80504580384
70,    4.07287,    8,    444.223254523,    79.5167699866
71,    3.27188,    8,    453.407317948,    70.3327065613
72,    3,    8,    462.176413183,    61.5636113258
73,    3,    8,    467.689490908,    56.050533601
74,    1.99071,    8,    479.781688599,    43.9583359099
75,    2.33262,    8,    488.830014688,    34.9100098216
76,    1.66667,    8,    495.014673126,    28.7253513832
77,    1.9714,    8,    501.592334184,    22.1476903247
78,    2.73143,    8,    505.030153943,    18.7098705665
79,    2.99535,    8,    512.096217181,    11.643807328
80,    2.25235,    8,    517.820288197,    5.91973631169
81,    2.13707,    8,    523.740024509,    0
82,    2.62311,    8,    444.620921556,    0
83,    9.49822,    7,    353.123936349,    148.638487881
84,    4.367,    7,    366.26191061,    135.500513619
85,    3.80283,    7,    379.944814785,    121.817609445
86,    4.12311,    7,    384.949155956,    116.813268274
87,    4.12311,    7,    399.776031517,    101.986392713
88,    3.18287,    7,    410.573380914,    91.189043316
89,    2.24264,    7,    427.011455071,    74.7509691588
90,    3.74264,    7,    435.643022078,    66.1194021516
91,    3.62521,    7,    444.662699345,    57.0997248846
92,    2.0626,    7,    458.585385504,    43.1770387253
93,    2.5,    7,    472.507319873,    29.2551043569
94,    5,    7,    481.538157425,    20.2242668049
95,    4,    7,    496.073931811,    5.68849241891
96,    4.23462,    8,    506.78803658,    117.538696432
97,    3.06466,    8,    517.334696193,    106.992036819
98,    3.02529,    8,    531.864127966,    92.4626050459
99,    2.94654,    8,    539.525212934,    84.8015200777
100,    5.14075,    8,    544.979143925,    79.3475890871
101,    4.12311,    8,    552.270078364,    72.0566546477
102,    4.12311,    8,    556.704118508,    67.6226145035
103,    9.97421,    8,    571.404786044,    52.9219469677
104,    6.76015,    8,    582.015157444,    42.3115755675
105,    8.30451,    8,    591.207650645,    33.1190823665
106,    5.40144,    8,    604.011799865,    20.3149331464
107,    5.3887,    9,    618.326268839,    9.36789257251
108,    4.02405,    10,    632.239026806,    7.33208387841
109,    3.8148,    10,    639.571110684,    0
110,    2.24,    10,    630.214690275,    40.2419761687
111,    2,    10,    636.992507107,    33.4641593373
112,    2,    10,    641.231638268,    29.2250281763
113,    5.60977,    10,    651.15279062,    19.3038758239
114,    6.28081,    10,    660.426221539,    10.0304449054
115,    3.11947,    10,    670.456666444,    0
116,    4.45774,    10,    627.694161412,    0
117,    5.20072,    9,    615.291348349,    9.03538466254
118,    5.42879,    9,    624.326733012,    0
119,    3.5,    8,    501.76242423,    0
120,    10.9773,    7,    348.897878321,    12.6928104453
121,    4.74578,    8,    361.590688767,    0
122,    5.82705,    8,    368.490257101,    170.208967528
123,    5.41353,    8,    383.908080326,    154.791144302
124,    2.75918,    8,    395.544387644,    143.154836984
125,    3,    8,    400.55420301,    138.145021619
126,    3,    8,    407.080403283,    131.618821346
127,    2.60555,    8,    417.050021631,    121.649202998
128,    2.60555,    8,    422.869519375,    115.829705253
129,    5.38516,    8,    449.255094108,    89.4441305202
130,    4.38516,    8,    456.912682371,    81.7865422576
131,    2.99779,    8,    466.05695413,    72.6422704987
132,    2.10555,    8,    479.419288016,    59.2799366124
133,    2.10555,    8,    487.23353782,    51.4656868083
134,    3.10555,    8,    495.047787624,    43.6514370043
135,    2.60555,    8,    503.409457307,    35.2897673211
136,    2.24283,    8,    511.033280036,    27.6659445923
137,    3.60555,    8,    518.166253399,    20.5329712291
138,    4.30278,    8,    526.078086689,    12.6211379397
139,    4.65139,    8,    531.845764991,    6.85345963729
140,    5.12921,    9,    539.70496064,    20.3982235793
141,    4.08842,    9,    548.103409128,    11.9997750916
142,    1.58842,    10,    560.10318422,    0
143,    5.74295,    10,    564.06607836,    0
144,    4.52392,    9,    538.699224629,    0
145,    7.31131,    8,    369.173288322,    182.290815745
146,    4,    8,    388.89635853,    162.567745537
147,    4,    8,    398.391830767,    153.0722733
148,    4.66593,    8,    407.781331992,    143.682772075
149,    2.47535,    8,    428.455326242,    123.008777825
150,    2.16076,    8,    448.610981345,    102.853122722
151,    3.56155,    8,    460.16824105,    91.2958630171
152,    4.24264,    8,    474.298330195,    77.1657738719
153,    4.24264,    8,    481.134952899,    70.3291511677
154,    3.82075,    8,    491.637182425,    59.8269216425
155,    3.60555,    8,    501.904260344,    49.5598437233
156,    5.09203,    8,    517.624685561,    33.8394185064
157,    7.20905,    8,    530.44903685,    21.0150672167
158,    4.57914,    9,    541.619496968,    62.2773811955
159,    2.95171,    9,    552.589937946,    51.3069402176
160,    4.79013,    9,    563.540048905,    40.3568292593
161,    4.27778,    9,    573.976422125,    29.9204560386
162,    4.27778,    9,    580.295793376,    23.6010847883
163,    5.38516,    9,    593.769696671,    10.1271814934
164,    6.04668,    9,    603.896878164,    0
165,    5.39372,    9,    544.302939008,    7.16116505884
166,    3.96449,    9,    551.464104067,    0
167,    6.08147,    5,    248.004939658,    139.128276287
168,    6.01819,    5,    256.39953953,    130.733676415
169,    3.82301,    5,    264.729915287,    122.403300659
170,    2.74042,    5,    274.92801712,    112.205198825
171,    2.70449,    5,    281.824825874,    105.308390071
172,    3.35225,    5,    290.793737347,    96.3394785982
173,    3.67612,    5,    300.395921109,    86.7372948361
174,    5.28846,    5,    309.524217568,    77.6089983768
175,    4.34351,    5,    319.092786283,    68.040429662
176,    2.84703,    5,    328.503919477,    58.6292964677
177,    3.32183,    5,    340.213464003,    46.919751942
178,    3.07513,    5,    349.703390452,    37.4298254934
179,    2.32151,    5,    358.15288949,    28.980326455
180,    3.40435,    5,    370.976006974,    16.1572089713
181,    4.45843,    5,    377.969085981,    9.16412996416
182,    3.09436,    5,    387.133215945,    0
183,    4,    4,    242.43662067,    72.141510691
184,    2.23607,    4,    254.575200653,    60.0029307081
185,    2.23607,    4,    257.154732393,    57.4233989677
186,    2.15738,    4,    263.804693596,    50.7734377648
187,    2,    4,    268.710314556,    45.8678168051
188,    3,    4,    278.257693331,    36.3204380292
189,    3,    4,    285.024945137,    29.5531862237
190,    3,    4,    297.821659148,    16.7564722123
191,    9.13126,    4,    314.578131361,    0
192,    5.72568,    3,    198.006449888,    304.076611161
193,    4.07037,    3,    222.469298317,    279.613762732
194,    4.53518,    3,    240.717585908,    261.365475141
195,    5.87192,    3,    255.277820543,    246.805240506
196,    7.61577,    3,    275.907372838,    226.175688211
197,    7.61577,    3,    299.642633428,    202.440427621
198,    7.61577,    3,    318.76497923,    183.318081818
199,    6.40312,    3,    336.815341034,    165.267720015
200,    6.40312,    3,    353.957857915,    148.125203134
201,    6.36384,    3,    374.811156647,    127.271904402
202,    6.01035,    3,    390.429377576,    111.653683473
203,    5.77469,    3,    414.495658619,    87.5874024295
204,    5.77469,    3,    426.495658619,    75.5874024295
205,    5.65685,    3,    437.946283799,    64.1367772501
206,    5.86981,    3,    449.81719604,    52.2658650088
207,    6.08276,    3,    461.688076576,    40.3949844732
208,    8.83276,    3,    473.70112469,    28.3819363588
209,    11.5828,    3,    485.713172808,    16.3698882403
210,    4.71075,    4,    497.095997425,    65.5291918045
211,    3.16228,    4,    503.553173433,    59.0720157963
212,    3.16228,    4,    510.451671313,    52.1735179164
213,    6.7344,    4,    523.534707085,    39.0904821448
214,    3.63679,    4,    532.221176808,    30.4040124217
215,    2.47044,    4,    539.01993458,    23.6052546492
216,    2.82843,    4,    543.538925729,    19.0862635007
217,    2.82843,    4,    547.220465081,    15.4047241487
218,    4.07425,    4,    557.835147789,    4.79004144032
219,    4.53713,    4,    562.625189229,    0
220,    2.97167,    4,    500.232424132,    60.198437311
221,    4.63337,    4,    509.021053789,    51.4098076539
222,    3.95471,    4,    513.672748749,    46.758112694
223,    3.64721,    4,    519.621945418,    40.8089160255
224,    12.6123,    4,    527.781923129,    32.6489383142
225,    7.66173,    4,    550.85017723,    9.58068421356
226,    8.07351,    5,    560.430861443,    0
227,    5.89051,    5,    561.813376261,    16.3253757565
228,    3.46063,    5,    571.229613142,    6.90913887543
229,    2.4995,    5,    578.138752017,    0
230,    5.17531,    4,    502.083061049,    0
231,    9.56632,    4,    501.675558626,    17.2554110354
232,    3.4352,    5,    518.35107702,    74.2438794268
233,    4.73161,    5,    524.673525077,    67.9214313692
234,    7.3658,    5,    529.574801034,    63.0201554129
235,    2.6829,    5,    542.397635208,    50.1973212391
236,    4,    5,    552.395160714,    40.1997957327
237,    2.09713,    5,    559.848704166,    32.7462522801
238,    2.09713,    5,    563.952575144,    28.6423813026
239,    3.31395,    5,    574.533208206,    18.0617482403
240,    5.65577,    5,    583.696166585,    8.89878986155
241,    3.53683,    6,    592.617770715,    8.10428244819
242,    3.18263,    6,    600.722053163,    0
243,    7.11848,    6,    592.594956447,    0
244,    7.13979,    5,    518.930969662,    0
245,    6.73976,    5,    525.058982543,    114.539733279
246,    6.5053,    5,    537.943351816,    101.655364006
247,    3.34942,    5,    547.188197407,    92.4105184146
248,    2.32843,    5,    555.990933984,    83.6077818373
249,    3.37729,    5,    570.203585391,    69.3951304309
250,    3.48937,    5,    582.660142098,    56.9385737237
251,    2.96274,    5,    593.943426194,    45.6552896273
252,    2.13807,    5,    601.317366796,    38.2813490254
253,    2,    5,    606.531980876,    33.0667349457
254,    3.93149,    5,    615.650562893,    23.9481529288
255,    6.94716,    5,    623.788371013,    15.8103448086
256,    2.51471,    6,    633.83128095,    5.76743487176
257,    3.31621,    6,    639.598715822,    0
258,    8.6931,    6,    630.471377073,    25.432316627
259,    1.88518,    6,    642.530066886,    13.3736268143
260,    2.64346,    6,    648.740585785,    7.16310791486
261,    3.85286,    6,    655.9036937,    0
262,    5.75397,    5,    514.578697479,    84.0867557919
263,    5.66127,    5,    520.7164144,    77.9490388711
264,    5.66127,    5,    525.154681855,    73.5107714163
265,    8.76108,    5,    538.499648368,    60.1658049027
266,    10.4527,    5,    549.810953421,    48.8544998498
267,    8.36276,    5,    562.588315991,    36.0771372796
268,    5.99204,    5,    575.407094453,    23.2583588179
269,    4.04788,    6,    586.117441646,    16.1160042607
270,    4.24409,    6,    591.992735873,    10.240710034
271,    3.72465,    6,    602.233445907,    0
272,    8.5187,    6,    588.891270994,    12.4531177221
273,    4.763,    6,    601.344388717,    0
274,    4.31539,    6,    589.163871192,    9.50158207879
275,    2.64475,    7,    600.808600257,    0
276,    3.46855,    7,    598.665453271,    0
277,    3.59796,    7,    601.869323801,    10.5886364561
278,    4,    7,    612.457960257,    0
279,    5.49602,    6,    587.282385986,    79.3139361287
280,    2.82843,    6,    610.993330764,    55.602991351
281,    2.82843,    6,    623.034925343,    43.5613967722
282,    2.82843,    6,    633.236028224,    33.3602938906
283,    2.82843,    6,    639.565522675,    27.0307994401
284,    2.82843,    6,    646.339333272,    20.2569888434
285,    2.54937,    6,    666.596322115,    0
